525
21858
37756
43414
43518
45450
45477
47102
48125
48507
48891
49637
49669
49675
49933
49949
50509
50874
51004
51295
51533
51811
52065
52850
53453
53462
53503
53529
53616
53677
53867
54121
54124
54372
54575
54667
54835
54836
55040
55311
55394
55490
55748
55752
55774
55841
55853
55864
55875
55944
55958
56095
56130
56201
56334
56351
56580
56673
56753
56777
56794
56823
56845
56863
56890
56902
56906
56907
56924
56936
56970
56978
56987
57010
57012
57067
57074
57091
57129
57137
57140
57142
57143
57165
57176
57193
57204
57208
57209
57211
57214
57222
57226
57229
57237
57241
57248
57249
57252
57253
57256
57262
57266
57268
57272
57273
57274
57275
57276
57280
57289
57293
57298
57299
57302
57304
57308
57310
57311
57312
57317
57323
57338
57340
57341
57342
57344
57346
57348
57349
57350
57351
57352
57353
57354
57356
57357
57359
57362
57363
57367
57371
57373
57375
57378
57380
57381
57383
57385
57386
57388
57389
57392
57395
57398
57399
57401
57405
57406
57407
57409
57410
57414
57416
57419
57420
57421
57423
57425
57426
57428
57432
57433
57445
57447
57449
57452
57453
57454
57455
57460
57461
57467
57468
57469
57470
57471
57472
57476
57480
57481
57482
57493
57495
57499
57500
57501
57508
57509
57511
57512
57516
57518
57520
57521
57522
57523
57526
57527
57530
57531
57532
57539
57541
57542
57544
57545
57548
57551
57553
57554
57558
57561
57562
57563
57564
57567
57570
57575
57576
57577
57579
57580
57581
57582
57583
57584
57585
57586
57587
57588
57589
57590
57591
57599
57602
57603
57604
57607
57608
57614
57621
57625
57626
57627
57628
57629
57631
57632
57633
57640
57648
57650
57652
57653
57654
57656
57657
57659
57660
57662
57663
57664
57672
57679
57680
57681
57683
57684
57686
57691
57693
57697
57698
57705
57709
57718
57719
57720
57721
57722
57724
57725
57726
57727
57734
57735
57741
57743
57745
57747
57752
57753
57755
57757
57758
57759
57760
57761
57763
57765
57766
57767
57770
57773
57774
57775
57776
57777
57778
57781
57785
57787
57790
57792
57793
57798
57800
57801
57802
57803
57804
57806
57809
57811
57815
57819
57822
57823
57824
57825
57826
57828
57829
57831
57832
57833
57835
57837
57839
57845
57847
57848
57849
57853
57854
57856
57858
57859
57860
57862
57863
57865
57868
57870
57877
57878
57879
57887
57889
57891
57892
57894
57896
57897
57898
57907
57909
57911
57912
57913
57915
57916
57917
57919
57920
57925
57926
57927
57928
57932
57934
57936
57937
57938
57948
57949
57950
57952
57954
57961
57963
57965
57966
57971
57973
57978
57979
57984
57985
57986
57987
57988
57989
57990
57995
57999
58002
58003
58006
58008
58010
58011
58012
58013
58014
58017
58018
58020
58022
58026
58027
58033
58035
58039
58042
58043
58050
58053
58054
58056
58057
58062
58064
58069
58070
58071
58072
58074
58076
58078
58082
58083
58086
58088
58089
58091
58100
58106
58107
58108
58110
58112
58113
58117
58118
58119
58120
58121
58124
58126
58127
58128
58131
58134
58135
58137
58141
58142
58147
58150
58151
58154
58155
58156
58157
58159
58165
58166
58167
58172
58174
58175
58180
58181
58182
58184
58185
58187
58192
58196
58197
58198
58200
58203
58204
58205
58206
58207
58208
58209
58210
58211
58212
58213
58216
58217
58218
58219
58220
58222
58226
58230
58231
58235
58237
58238
58239
58247
58248
58249
58250
58252
58253
58254
58258
58260
58261
58262
58263
58265
58266
58267
58269
58271
58273
58274
58277
58279
58280
58281
58284
58285
58288
58289
58290
58291
58293
58297
58298
58299
58301
58303
58304
58306
58307
58311
58314
58315
58317
58320
58322
58324
58325
58327
58328
58331
58332
58333
58335
58336
58340
58343
58344
58347
58349
58356
58357
58358
58364
58365
58371
58374
58377
58390
58393
58394
58396
58399
58400
58401
58404
58407
58410
58411
58412
58414
58415
58416
58420
58421
58423
58425
58426
58429
58430
58431
58435
58436
58437
58439
58440
58443
58444
58446
58452
58457
58464
58467
58473
58474
58477
58480
58483
58486
58487
58488
58489
58490
58494
58496
58502
58503
58504
58506
58507
58509
58510
58512
58522
58524
58529
58530
58533
58536
58540
58541
58542
58549
58550
58554
58555
58558
58559
58560
58561
58562
58565
58569
58571
58572
58573
58574
58575
58576
58577
58578
58579
58582
58584
58585
58586
58590
58594
58595
58596
58599
58600
58601
58602
58603
58606
58607
58611
58612
58616
58619
58621
58625
58626
58628
58629
58631
58635
58636
58637
58638
58639
58642
58643
58646
58647
58649
58650
58651
58656
58657
58658
58659
58661
58662
58666
58668
58672
58673
58674
58683
58684
58695
58696
58697
58708
58709
58710
58713
58714
58715
58716
58718
58720
58721
58722
58727
58728
58731
58732
58733
58742
58743
58744
58748
58749
58754
58755
58761
58762
58768
58770
58771
58773
58774
58775
58778
58781
58785
58788
58791
58792
58793
58794
58795
58796
58800
58803
58804
58805
58809
58811
58812
58814
58815
58817
58825
58826
58828
58830
58835
58836
58837
58842
58843
58844
58848
58851
58853
58854
58858
58860
58861
58863
58864
58867
58868
58869
58871
58872
58874
58876
58877
58878
58880
58881
58882
58884
58886
58887
58891
58893
58896
58898
58901
58902
58904
58905
58916
58918
58924
58925
58926
58932
58936
58937
58939
58940
58941
58944
58947
58948
58949
58950
58951
58955
58957
58958
58962
58964
58965
58968
58970
58971
58973
58976
58978
58981
58984
58988
58989
58990
58991
58997
58998
58999
59000
59001
59003
59010
59012
59017
59018
59026
59028
59033
59034
59036
59037
59038
59039
59040
59041
59042
59043
59045
59046
59054
59055
59057
59058
59059
59062
59063
59066
59077
59080
59082
59083
59087
59088
59090
59093
59097
59101
59102
59104
59105
59106
59107
59108
59109
59112
59117
59118
59120
59122
59123
59125
59133
59137
59139
59140
59142
59143
59144
59150
59155
59156
59158
59160
59163
59164
59165
59166
59168
59170
59174
59177
59179
59181
59182
59185
59186
59187
59189
59192
59195
59198
59202
59205
59208
59210
59211
59212
59213
59214
59216
59217
59218
59220
59225
59226
59227
59229
59232
59233
59234
59236
59238
59239
59240
59241
59246
59251
59252
59253
59259
59260
59262
59263
59265
59266
59268
59270
59273
59274
59276
59278
59279
59286
59287
59288
59290
59291
59295
59297
59298
59299
59300
59302
59305
59310
59311
59312
59320
59321
59327
59328
59329
59338
59342
59343
59349
59350
59356
59357
59358
59361
59362
59363
59364
59367
59368
59369
59371
59372
59373
59374
59376
59378
59379
59384
59389
59392
59395
59398
59399
59400
59402
59403
59404
59408
59409
59413
59414
59416
59418
59419
59420
59424
59425
59427
59428
59430
59431
59436
59439
59442
59451
59453
59455
59456
59459
59464
59465
59466
59467
59468
59472
59474
59475
59476
59478
59479
59482
59486
59491
59492
59493
59498
59499
59500
59504
59505
59506
59508
59509
59515
59517
59518
59519
59520
59523
59525
59529
59530
59531
59534
59539
59540
59542
59544
59545
59548
59550
59551
59555
59557
59559
59560
59565
59566
59568
59571
59572
59573
59581
59583
59588
59590
59591
59593
59594
59596
59598
59600
59601
59603
59604
59605
59607
59614
59621
59627
59628
59630
59631
59632
59634
59635
59636
59638
59639
59641
59644
59646
59647
59649
59652
59655
59667
59668
59669
59670
59671
59672
59673
59674
59678
59680
59688
59691
59692
59694
59695
59697
59698
59700
59703
59704
59706
59707
59709
59710
59711
59713
59715
59717
59718
59719
59720
59722
59725
59726
59727
59728
59729
59730
59731
59736
59738
59739
59740
59741
59742
59743
59744
59745
59746
59747
59748
59762
59765
59766
59767
59771
59772
59773
59775
59776
59778
59779
59781
59782
59784
59785
59787
59799
59802
59806
59812
59817
59819
59821
59822
59823
59824
59825
59827
59830
59832
59840
59841
59843
59844
59847
59849
59850
59853
59863
59864
59868
59873
59874
59877
59878
59879
59882
59886
59888
59889
59890
59891
59892
59893
59894
59895
59896
59897
59898
59899
59900
59905
59907
59908
59910
59915
59916
59919
59922
59926
59930
59937
59942
59944
59972
59979
